x0,x1,x1
adj1,adj2,adj3
0.9619236934155566  0.4803370786516854  0.8133572083193179  0.34874264298549973  0.3665769078751052
0.9598352112564845  0.4943820224719101  0.8195838268074508  0.4668378489244177  0.48773917416953666
0.9589173055816561  0.5154494382022472  0.8226413526618248  0.5174017342700511  0.5385570484186788
0.9448220249986182  0.5  0.7978298819453115  0.44754597854377554  0.47464125619079206
0.9119619888351086  0.4669943820224719  0.7422191559360547  0.32972364833734114  0.3673631501646199
0.6925193648487529  0.23876404494382023  0.35043010610463243  0.0890717083778635  0.15251065031786157
0.8952018208090203  0.20856741573033707  0.4581035361143591  0.08245250888494086  0.13088426683243728
0.31635767132265274  0.14676966292134833  0.10388593295144852  0.02552045779906528  0.0976467032382595
0.039016913152305224  0.1327247191011236  0.0  0.0  0.0751035188256473
0.4837066807741202  0.13764044943820225  0.08766576861002984  0.0058659244906935915  0.07803698454038029
----------------------------------------------
x0,x1,x2
adj1,adj2,adj1
0.9641404849700348  0.5154494382022472  0.8156341044381966  0.38591314988997644  0.4026896392534769
0.9584208469209693  0.5491573033707865  0.8207857370217546  0.5350627494835882  0.5562355815843715
0.9401259011267539  0.5196629213483146  0.8139639310686457  0.43413131595966514  0.4628312863151945
0.9356933050131467  0.5049157303370787  0.7861150812855858  0.42000733199393436  0.45016793527933996

-------------------------------
x0,x1,x2
adj1,adj2,adj1

0.9311156205831959  0.3047752808988764  0.6210880893032202  0.13427236415369456  0.1700715865080781
0.9365934447716883  0.3714887640449438  0.682474080680655  0.3322013185956354  0.36391540254255916
0.9247119947570807  0.39747191011235955  0.6800517689212537  0.35846405962543526  0.3927718515728522
0.9447934021334892  0.47963483146067415  0.7819913926580623  0.4403916856822908  0.4676298707009727
0.9263602769903748  0.4768258426966292  0.7443575246711788  0.37504845762875805  0.4085331049797958
0.9143218947152321  0.2907303370786517  0.5498043879407286  0.27857172242810524  0.3173672000515196
0.849930318128341  0.22963483146067415  0.43690596088001205  0.18884784833125556  0.23963193555700613
0.7184378627207909  0.19382022471910113  0.29485078309856  0.07346268562673931  0.13711872812500495
0.04041943354362914  0.13342696629213482  0.0022374265882827804  0.00011214484143421717  0.07520327522571547
0.039016913152305224  0.1327247191011236  0.0  0.0  0.0751035188256473

------------------------------------------
x0,x1,x2
adj1,adj2,adj3









0.8663371418193877  0.2991573033707865  0.5923597840957475  0.12562521989260486  0.1774738222710335
0.9399916697592521  0.3595505617977528  0.6774396584698639  0.32334218097792894  0.35396499872931647
0.9387993793773244  0.42485955056179775  0.731165110427392  0.3472579158478035  0.37799556616305585

--------------------
x0,x1,x0
adj1,adj2,adj3

0.9493079188610863  0.27598314606741575  0.6434950952918189  0.15374666150773678  0.17800326489382293
0.9424305352673178  0.3827247191011236  0.7013300902264344  0.3591611416356936  0.38844153660638575
0.9403657409966284  0.4683988764044944  0.7672374941253746  0.4237152654517281  0.45257855248546186


____________________________________

x0,x1,x2
adj1,adj2,adj1
0.9624922027367407  0.5126404494382022  0.8234773229343074  0.4970162747350749  0.516526296990788
0.9569610807993872  0.5582865168539326  0.831262756270165  0.5210642538131082  0.5429523729180941
0.9534602082954985  0.488061797752809  0.8043620905568607  0.41945753842037187  0.4436289836790298
0.9415856672483359  0.5126404494382022  0.797615570445648  0.43617850645505113  0.46443696379376986
0.9181445277029855  0.4515449438202247  0.7024437429100193  0.36082603889679166  0.3963519375372564
0.8739764858227989  0.24929775280898878  0.4648691189612126  0.11300968802771166  0.16431703641690765
0.8772325834800666  0.2577247191011236  0.4179086123097922  0.1718207288744259  0.22043533028355103
0.04560905509013242  0.13553370786516855  0.005038385384864424  0.0001423322077540999  0.07521528061306937
0.3138309632285013  0.14325842696629212  0.11308925208976874  0.024315802689633466  0.09654086169489712
0.039016913152305224  0.1327247191011236  0.0  0.0  0.0751035188256473

__________________________________

x0,x1,x2
adj1,adj2,adj3


0.9605803927451894  0.5344101123595506  0.8270298948306867  0.5350244281090998  0.555339070748654
0.9508091387873381  0.5379213483146067  0.8232366821424776  0.49067341468942166  0.5151329421935644
0.9374392997860194  0.5035112359550562  0.7948319677943751  0.4220317539709224  0.45171056610697824
0.9271538212511943  0.44241573033707865  0.7432252834169248  0.328279744577157  0.3628075627626003
0.8788552038342795  0.3103932584269663  0.5555988018294857  0.2586812451362058  0.3035536969335228

--------------------------------------
otal contours  175
x0,x1,x1
adj1,adj2,adj3

0.9623234265320142  0.5014044943820225  0.8245860673389942  0.4565478388110174  0.4759407476062165
0.9595815534517201  0.5042134831460674  0.8212748718486033  0.46615970533579854  0.48719586255440905
0.9588669688188429  0.4669943820224719  0.8053603561603158  0.4129024638389487  0.4341249473344124
0.9477484662092273  0.4669943820224719  0.7849973776389313  0.3961674152175288  0.42298469716506315
0.9206416259366585  0.4585674157303371  0.7426982480499882  0.3545878996032432  0.3898433705262375

____________________________________
x0,x1,x2
adj1,adj2,adj3

0.9629817524299825  0.5765449438202247  0.8359662928717073  0.571052551800742  0.5900625190782769
0.9624734498251044  0.5308988764044944  0.8308057453260969  0.5372890639505201  0.5567563155986573
0.9649054063657252  0.5589887640449438  0.8263841583494612  0.51065728901556  0.5288404202662768

____________________________________
x0,x1,x2
adj1,adj2,adj3



0.9626491349972759  0.5063202247191011  0.825799399382155  0.4533241931668161  0.47247584923331687
0.9480149549535323  0.5063202247191011  0.7978194244016601  0.4736687732548419  0.49930604402403916
0.9522353470670446  0.48735955056179775  0.79688625820447  0.40527886001842367  0.43008220076517867
0.9465917076598735  0.2949438202247191  0.6471050915804346  0.15238735331461456  0.17885216541983895

_________________________

0.8837043119852819  0.25912921348314605  0.576095065177337  0.045292737960545545  0.09722796851383253
0.8801225058627524  0.33286516853932585  0.583167555584523  0.12277626808036848  0.17279965125569444
0.9315163406950027  0.4178370786516854  0.7240363185508926  0.31618934642965835  0.349782592351587


------------------------------
x0,x1,x2
adj1,adj2,adj3
0.9671922745900021  0.5674157303370787  0.8198006981491709  0.5054802005026299  0.5221391603879643
0.9656515748497793  0.5828651685393258  0.8228264205624425  0.5310226843033722  0.5488650652201195
0.9409826130899271  0.5042134831460674  0.7986259802004457  0.4364900871822622  0.46490733527424055

________________________
x0,x1,x2
adj1,adj2,adj1
0.960522160019582  0.5316011235955056  0.825165940951103  0.5304720498774744  0.550846696262895
0.9524820959043641  0.5308988764044944  0.8233636608142615  0.4953231452188239  0.5191562462068557
0.9552782537288684  0.5751404494382022  0.8232269370932466  0.5624961244450624  0.5842531677627733

###################

0.9607116631266434  0.5330056179775281  0.8296520478596918  0.5446135350493101  0.5647905186249318
0.9517546803319463  0.5379213483146067  0.8208857080923877  0.49844104698045477  0.5224646104976213
0.950851579587357  0.4803370786516854  0.7842181474256019  0.39902581500109974  0.42449668302828986
0.9428559302628566  0.5287921348314607  0.7753758922041917  0.456332521426561  0.4838045309410599
0.8746782395161354  0.34480337078651685  0.5695975210038625  0.24776508545664125  0.2935543994983317
0.8508304578868824  0.22823033707865167  0.443824372702628  0.11032548893531914  0.16457998216684286
0.7686700040269411  0.20084269662921347  0.33376114463952544  0.0462672802760071  0.10951284562154252
0.33935268897012955  0.14676966292134833  0.11518542943500816  0.02677412030143645  0.09867606027280623
0.039016913152305224  0.1327247191011236  0.0  0.0  0.0751035188256473

########################

0.9610304626244601  0.49508426966292135  0.8176590260093921  0.45389680254050163  0.47407190329754845
0.9569758857296264  0.5105337078651685  0.8171652900122587  0.5121139161904075  0.5341000181207755
0.9577536380648575  0.4824438202247191  0.8134217051201678  0.42979070991675505  0.4517566892023733
0.9418501820019424  0.48103932584269665  0.7866909972238683  0.43367793119466647  0.4619150257091674
0.9127752730029136  0.45997191011235955  0.7165099620576292  0.3309932698385684  0.3684503901489812
0.6166865381730321  0.20575842696629212  0.25285595869221195  0.06669379670172813  0.13309672089285793
0.8881112462198079  0.19030898876404495  0.4025591418570265  0.10141401456159448  0.1507689771774085
0.5551118463129802  0.1523876404494382  0.12472105820982186  0.015396451680116097  0.08607055959596
0.04593871153679124  0.13342696629213482  0.006487229955444249  0.00048769332804437913  0.07553471076498042
